>> statAnalysis

m =  0.072313
sigma =    2.7613e-04
bins =

   0.071209   0.071347   0.071485   0.071623   0.071761   0.071899   0.072037   0.072175   0.072451   0.072590   0.072728   0.072866   0.073004   0.073142   0.073280   0.073418

Frequency in +- 3sigma: 1
Frequency in +- 2sigma: 0.96667
Frequency in +- sigma: 0.76667
Frequency in +- sigma/2: 0.56667
Frequency in +- sigma/4: 0.36
Frequency in +- sigma/8: 0.19333